#,Time,%Passes,Change,Test,Pass,Partial,Fail,Untested
0,Tue Feb 12 17:30:36 EST 2019,42,42,Assignment2Suite,ContainsTest0+ EmptyTest0+ HeightTest+ InsertAfterRemoveTest0+ InsertAfterRemoveTest1+ InsertAfterRemoveTest2+ InsertTest0+ InsertTest1+ InsertTest2+ SizeTest0+ SizeTest1+ , ,ContainsTest1- EfficiencyTest1- EmptyTest1- FindMinMaxTest0- FindMinMaxTest1- FindMinMaxTest2- RemoveTest0- RemoveTest1- RemoveTest2- RemoveTest3- RemoveTest4- RemoveTest5- RemoveTest6- RemoveTest7- SizeTest2- , ,
1,Tue Feb 12 17:32:49 EST 2019,42,0,Assignment2Suite,ContainsTest0 EmptyTest0 HeightTest InsertAfterRemoveTest0 InsertAfterRemoveTest1 InsertAfterRemoveTest2 InsertTest0 InsertTest1 InsertTest2 SizeTest0 SizeTest1 , ,ContainsTest1 EfficiencyTest1 EmptyTest1 FindMinMaxTest0 FindMinMaxTest1 FindMinMaxTest2 RemoveTest0 RemoveTest1 RemoveTest2 RemoveTest3 RemoveTest4 RemoveTest5 RemoveTest6 RemoveTest7 SizeTest2 , ,
2,Tue Feb 12 17:35:58 EST 2019,42,0,Assignment2Suite,ContainsTest0 EmptyTest0 HeightTest InsertAfterRemoveTest0 InsertAfterRemoveTest1 InsertAfterRemoveTest2 InsertTest0 InsertTest1 InsertTest2 SizeTest0 SizeTest1 , ,ContainsTest1 EfficiencyTest1 EmptyTest1 FindMinMaxTest0 FindMinMaxTest1 FindMinMaxTest2 RemoveTest0 RemoveTest1 RemoveTest2 RemoveTest3 RemoveTest4 RemoveTest5 RemoveTest6 RemoveTest7 SizeTest2 , ,
3,Tue Feb 12 17:37:57 EST 2019,53,11,Assignment2Suite,ContainsTest0 EfficiencyTest1+ EmptyTest0 FindMinMaxTest0+ FindMinMaxTest1+ HeightTest InsertAfterRemoveTest0 InsertAfterRemoveTest1 InsertAfterRemoveTest2 InsertTest0 InsertTest1 InsertTest2 SizeTest0 SizeTest1 , ,ContainsTest1 EmptyTest1 FindMinMaxTest2 RemoveTest0 RemoveTest1 RemoveTest2 RemoveTest3 RemoveTest4 RemoveTest5 RemoveTest6 RemoveTest7 SizeTest2 , ,
4,Tue Feb 12 21:56:22 EST 2019,57,4,Assignment2Suite,ContainsTest0 EfficiencyTest1 EmptyTest0 FindMinMaxTest0 FindMinMaxTest1 HeightTest InsertAfterRemoveTest0 InsertAfterRemoveTest1 InsertAfterRemoveTest2 InsertTest0 InsertTest1 InsertTest2 SizeTest0 SizeTest1 SizeTest2+ , ,ContainsTest1 EmptyTest1 FindMinMaxTest2 RemoveTest0 RemoveTest1 RemoveTest2 RemoveTest3 RemoveTest4 RemoveTest5 RemoveTest6 RemoveTest7 , ,
5,Wed Feb 13 22:29:14 EST 2019,100,43,Assignment2Suite,ContainsTest0 ContainsTest1+ EfficiencyTest1 EmptyTest0 EmptyTest1+ FindMinMaxTest0 FindMinMaxTest1 FindMinMaxTest2+ HeightTest InsertAfterRemoveTest0 InsertAfterRemoveTest1 InsertAfterRemoveTest2 InsertTest0 InsertTest1 InsertTest2 RemoveTest0+ RemoveTest1+ RemoveTest2+ RemoveTest3+ RemoveTest4+ RemoveTest5+ RemoveTest6+ RemoveTest7+ SizeTest0 SizeTest1 SizeTest2 , , , ,
6,Wed Feb 13 22:58:50 EST 2019,80,-20,Assignment2Suite,ContainsTest0 ContainsTest1 EfficiencyTest1 EmptyTest0 FindMinMaxTest0 FindMinMaxTest1 FindMinMaxTest2 HeightTest InsertAfterRemoveTest0 InsertAfterRemoveTest1 InsertAfterRemoveTest2 InsertTest0 InsertTest1 InsertTest2 RemoveTest0 RemoveTest1 RemoveTest3 RemoveTest4 RemoveTest5 SizeTest0 SizeTest1 , ,EmptyTest1- RemoveTest2- RemoveTest6- RemoveTest7- SizeTest2- , ,
7,Wed Feb 13 22:59:57 EST 2019,46,-34,Assignment2Suite,ContainsTest0 EfficiencyTest1 EmptyTest0 FindMinMaxTest0 FindMinMaxTest1 HeightTest InsertAfterRemoveTest0 InsertTest0 InsertTest1 InsertTest2 SizeTest0 SizeTest1 , ,ContainsTest1- EmptyTest1 FindMinMaxTest2- InsertAfterRemoveTest1- InsertAfterRemoveTest2- RemoveTest0- RemoveTest1- RemoveTest2 RemoveTest3- RemoveTest4- RemoveTest5- RemoveTest6 RemoveTest7 SizeTest2 , ,
8,Wed Feb 13 23:01:45 EST 2019,100,54,Assignment2Suite,ContainsTest0 ContainsTest1+ EfficiencyTest1 EmptyTest0 EmptyTest1+ FindMinMaxTest0 FindMinMaxTest1 FindMinMaxTest2+ HeightTest InsertAfterRemoveTest0 InsertAfterRemoveTest1+ InsertAfterRemoveTest2+ InsertTest0 InsertTest1 InsertTest2 RemoveTest0+ RemoveTest1+ RemoveTest2+ RemoveTest3+ RemoveTest4+ RemoveTest5+ RemoveTest6+ RemoveTest7+ SizeTest0 SizeTest1 SizeTest2+ , , , ,
9,Wed Feb 13 23:04:24 EST 2019,80,-20,Assignment2Suite,ContainsTest0 ContainsTest1 EfficiencyTest1 EmptyTest0 FindMinMaxTest0 FindMinMaxTest1 FindMinMaxTest2 HeightTest InsertAfterRemoveTest0 InsertAfterRemoveTest1 InsertAfterRemoveTest2 InsertTest0 InsertTest1 InsertTest2 RemoveTest0 RemoveTest1 RemoveTest3 RemoveTest4 RemoveTest5 SizeTest0 SizeTest1 , ,EmptyTest1- RemoveTest2- RemoveTest6- RemoveTest7- SizeTest2- , ,
10,Wed Feb 13 23:07:29 EST 2019,80,0,Assignment2Suite,ContainsTest0 ContainsTest1 EfficiencyTest1 EmptyTest0 FindMinMaxTest0 FindMinMaxTest1 FindMinMaxTest2 HeightTest InsertAfterRemoveTest0 InsertAfterRemoveTest1 InsertAfterRemoveTest2 InsertTest0 InsertTest1 InsertTest2 RemoveTest0 RemoveTest1 RemoveTest3 RemoveTest4 RemoveTest5 SizeTest0 SizeTest1 , ,EmptyTest1 RemoveTest2 RemoveTest6 RemoveTest7 SizeTest2 , ,
11,Wed Feb 13 23:08:46 EST 2019,80,0,Assignment2Suite,ContainsTest0 ContainsTest1 EfficiencyTest1 EmptyTest0 FindMinMaxTest0 FindMinMaxTest1 FindMinMaxTest2 HeightTest InsertAfterRemoveTest0 InsertAfterRemoveTest1 InsertAfterRemoveTest2 InsertTest0 InsertTest1 InsertTest2 RemoveTest0 RemoveTest1 RemoveTest3 RemoveTest4 RemoveTest5 SizeTest0 SizeTest1 , ,EmptyTest1 RemoveTest2 RemoveTest6 RemoveTest7 SizeTest2 , ,
12,Wed Feb 13 23:09:57 EST 2019,100,20,Assignment2Suite,ContainsTest0 ContainsTest1 EfficiencyTest1 EmptyTest0 EmptyTest1+ FindMinMaxTest0 FindMinMaxTest1 FindMinMaxTest2 HeightTest InsertAfterRemoveTest0 InsertAfterRemoveTest1 InsertAfterRemoveTest2 InsertTest0 InsertTest1 InsertTest2 RemoveTest0 RemoveTest1 RemoveTest2+ RemoveTest3 RemoveTest4 RemoveTest5 RemoveTest6+ RemoveTest7+ SizeTest0 SizeTest1 SizeTest2+ , , , ,
13,Wed Feb 13 23:16:29 EST 2019,100,0,Assignment2Suite,ContainsTest0 ContainsTest1 EfficiencyTest1 EmptyTest0 EmptyTest1 FindMinMaxTest0 FindMinMaxTest1 FindMinMaxTest2 HeightTest InsertAfterRemoveTest0 InsertAfterRemoveTest1 InsertAfterRemoveTest2 InsertTest0 InsertTest1 InsertTest2 RemoveTest0 RemoveTest1 RemoveTest2 RemoveTest3 RemoveTest4 RemoveTest5 RemoveTest6 RemoveTest7 SizeTest0 SizeTest1 SizeTest2 , , , ,
